4 5.1743426 -14.857238 -1.8531225 2.0411544 2.3183699 5.904154 3.1579204 0.9038997
4 19.308037 24.612478 -1.8937812 1.9222807 2.0609088 4.484669 0.952367 0.50930464
4 5.1416435 -14.849947 -1.9031343 2.0901346 2.260438 6.015728 3.1653795 0.8027376
4 19.807156 32.497402 -0.5373909 1.6796249 1.514642 4.0744987 1.649179 0.4014105
4 19.42511 24.641094 -1.8997862 1.9255648 2.0390627 4.7306895 0.916393 0.6445374
4 5.1476903 -14.855412 -1.8249629 2.1480615 2.4133775 5.9857626 6.276986 0.8285581
4 21.514755 32.79614 -0.4722035 1.6530164 1.5709814 4.083995 1.9927099 0.3819133
4 19.231321 24.60346 -1.8851848 1.872153 2.0492473 4.4101543 1.0063195 0.5000872
4 4.707271 -14.794573 -2.1447294 1.9871296 1.8263264 5.4610634 3.1630237 0.316274
4 5.1165366 -14.806071 -1.877634 2.037713 2.2630572 6.035597 3.1694002 0.73546773
4 25.257015 4.675932 -1.7320651 1.9988205 2.5178537 5.0725055 0.85985386 0.44300237
4 25.330692 4.6499033 -1.7285206 2.020864 2.4425704 5.200987 0.8347608 0.3715687
4 19.221586 24.443672 -1.9641956 1.8343287 1.9882993 4.110025 0.94424057 0.5189365
