4 5.9239635 7.9733024 -2.9525344 1.7053013 1.5432543 4.3284297 1.4654326 0.46556574
4 19.29692 24.646843 -1.8600166 1.8832767 1.9884768 4.5376415 0.94478434 0.5481833
4 25.702213 4.4691486 -1.7164164 2.1913106 2.684822 5.594167 0.70707357 0.4637596
4 19.130096 24.567976 -1.9422889 1.8321242 1.9487057 4.2115536 0.9793781 0.52131444
4 19.465757 24.73722 -1.8736929 1.9408565 2.0470142 4.929378 0.9317159 0.52606434
4 25.515045 4.363316 -1.7809458 2.0634274 2.5548906 5.0881453 0.72499406 0.45068544
4 19.227152 24.526848 -1.9619253 1.8441818 1.9578474 4.3094788 0.9508373 0.41646338
4 19.251022 24.676884 -1.8617697 1.8905389 1.9700146 4.5635557 0.9890649 0.49411547
4 19.816761 31.762169 -0.554141 1.6604023 1.5383449 3.8728704 1.1860285 0.26702324
4 25.38927 4.4233317 -1.7859997 2.023054 2.4036365 4.9551344 0.7681605 0.44689777
