4 19.342049 24.604145 -1.8722248 1.8929381 2.0101128 4.5225296 0.93199694 0.6475301
4 19.45815 24.767227 -1.7401727 1.9944768 2.2569664 5.074404 0.9351477 0.47996268
4 21.602392 32.58494 -0.37699497 1.7946174 1.828563 4.409673 1.933832 0.3481796
4 25.506735 4.4514155 -1.6849593 2.1038527 2.7162123 5.2288203 0.73540556 0.3838596
4 21.624517 32.666424 -0.4015792 1.8296126 1.8989484 4.5887012 5.088342 0.2776009
4 25.4337 4.469777 -1.7119311 2.0246992 2.5668018 5.09554 0.7555947 0.46865427
4 22.894943 13.107887 -0.9013909 1.7726259 1.74715 4.3657646 4.560652 0.32669112
4 21.58627 32.569855 -0.34889704 1.7635238 1.7805237 4.3994684 1.9266334 0.46229455
4 22.928268 13.15432 -0.93555677 1.7559054 1.6597948 4.536605 4.5425577 0.28101695
4 25.241318 4.5352573 -1.7401447 1.9895637 2.622738 4.8728986 0.81182265 0.51228327
4 22.837996 12.932062 -0.9817614 1.7021456 1.5973322 3.985665 4.578104 0.6129805
4 19.280273 24.618893 -1.8666885 1.871766 2.0418518 4.513046 0.98764133 0.56231326
