4 1.3700209 -25.171255 -2.0204487 2.05964 2.3845239 5.375688 6.1853256 0.729984
4 25.628384 4.5355854 -1.7038301 2.1615105 2.5272913 5.6407814 0.72266674 0.45098704
4 1.3289243 -25.177135 -1.9851555 2.0625274 2.2817593 5.3958106 6.207172 0.47747052
4 19.248682 24.564291 -1.7352521 1.8946527 2.160009 4.351804 0.9427952 0.4260927
4 19.306679 24.51889 -1.8251908 1.8833498 2.0571384 4.3340683 0.9240072 0.566137
4 25.31298 4.5973682 -1.715802 2.0244198 2.5424485 5.1672077 0.8198657 0.26261038
4 25.279488 4.5164623 -1.6997986 1.9845743 2.6249537 4.902504 0.80304617 0.27345636
4 19.21463 24.5687 -1.8811865 1.8848007 2.080071 4.2979593 0.97896576 0.35526127
4 1.4412917 -25.126827 -2.0160034 1.9610199 2.210711 5.249494 6.2046537 0.42896506
4 20.288105 31.900671 -0.58739394 1.7387965 1.5560796 4.442737 3.9985101 0.29338956
