4 5.9066973 7.8671813 -2.9945288 1.7266817 1.5215652 4.396785 1.4585708 0.69148195
4 5.8966513 7.886448 -3.1021297 1.6105264 1.7421103 4.7721896 1.4649866 0.5096728
4 21.261631 30.768925 -0.51637447 1.7596779 1.6244612 4.424144 3.9607348 0.68967986
4 19.342785 24.631973 -1.8532844 1.8950329 2.028739 4.5354114 0.9229411 0.5117951
4 19.38848 24.656403 -1.8477952 1.9156094 2.0329692 4.6559825 0.91968954 0.57446176
4 19.237122 24.626463 -1.8796543 1.8824114 1.996325 4.407441 0.9728982 0.4478663
4 19.255438 24.51637 -1.9348973 1.8436391 1.9381714 4.2914805 0.9284283 0.4611927
4 21.215416 30.643036 -0.6173885 1.8338528 1.7493591 4.440271 0.85910845 0.7586377
4 5.932878 7.8525057 -3.0375729 1.7533726 1.5404737 4.533243 1.460815 0.7548772
4 21.250845 30.844252 -0.3865564 1.867548 1.9558172 4.644784 3.9795985 0.32718244
