4 0.10427886 -25.10057 -2.1088896 1.9539413 2.0463219 5.0 6.1621313 0.5709835
4 19.285292 24.660011 -1.8921096 1.9087188 2.104198 4.5228286 0.9362534 0.721481
4 19.37011 24.693243 -1.8653235 1.9288235 2.1133213 4.720649 0.9357227 0.66459453
4 19.193638 24.539604 -1.9300183 1.8624823 2.0204482 4.2773776 0.96624804 0.6237574
4 19.098946 24.596462 -1.9176998 1.8597391 2.0019183 4.2356067 0.98842424 0.6028006
4 19.71635 31.814793 -0.58682865 1.6893762 1.557749 4.0503535 4.5142107 0.35712197
4 19.598484 31.811592 -0.5729665 1.6801094 1.5027561 4.0932503 4.667915 0.3826127
4 25.295126 4.6126595 -1.7925694 2.0303774 2.5373616 5.1263556 0.8492686 0.4476903
4 19.204329 24.667442 -1.824626 1.8867143 2.1181479 4.511804 0.9946579 0.54046303
4 19.666906 31.785004 -0.59410286 1.6794437 1.5440578 4.048555 4.563518 0.5082818
