4 2.0819814 -31.768421 -1.7247286 2.1483057 2.4904351 6.172287 6.1650276 0.5444981
4 19.303877 24.522253 -1.8547677 1.8492386 2.0029488 4.3422537 0.9299676 0.76487213
4 22.01052 -12.406534 -2.3055074 1.7690328 1.5447075 4.4993105 3.1493185 0.2676942
4 19.409142 24.604206 -1.8530495 1.8851985 1.9535444 4.6830554 0.9097325 0.83926666
4 19.242285 24.519466 -1.8822765 1.8381186 1.9575949 4.272664 0.96585906 0.54587257
4 25.72374 4.5258784 -1.6894048 2.161553 2.63673 5.725569 0.7155633 0.43130314
4 20.226082 31.982555 -0.6170987 1.7825559 1.6633737 4.4829855 3.940485 0.28194
4 21.87342 -12.33208 -2.2952805 1.778481 1.5528939 4.626226 3.1060216 0.27560666
4 17.998404 -30.672476 -1.8621454 2.0883217 2.4338114 5.621145 6.1618547 0.29890677
4 20.25175 31.954632 -0.6129309 1.7540483 1.5926856 4.3576202 3.9276216 0.31074476
