4 19.182371 24.59621 -1.818758 1.8672929 2.0164428 4.366973 0.9285826 0.41481343
4 20.54939 10.763256 -1.1867778 1.6566951 1.6062874 3.760148 3.8483367 0.5238269
4 19.089376 24.685804 -1.8335712 1.8606919 2.017363 4.3623557 0.99690056 0.48116922
4 19.39711 24.688887 -1.8318571 1.9233044 2.0670557 4.7668715 0.8967291 0.66006804
4 20.56068 10.782313 -1.1670028 1.670935 1.6017463 3.8932915 3.887981 0.43162248
4 20.542973 10.809732 -1.207512 1.6425312 1.6164134 3.765207 4.0820975 0.39870575
4 20.432161 10.70143 -1.190032 1.6806905 1.5945338 3.8117619 4.060004 0.30199516
4 20.507393 10.770038 -1.1735868 1.6566967 1.6086701 3.8369083 3.823657 0.5147318
4 20.460194 10.827758 -1.2187989 1.6961944 1.6850758 3.8677583 1.0164269 0.27657294
4 19.122116 24.49169 -1.9336537 1.8145669 1.9340633 4.1283703 0.9358059 0.31547946
