4 4.4360943 -12.5318165 -2.48203 1.7294526 1.475183 4.438171 6.3066387 0.8798695
4 18.67192 -12.906108 -2.2510285 1.946913 1.899207 5.4098315 3.1246533 0.85646075
4 25.443441 4.5189104 -1.7539914 2.0668983 2.6006734 5.189599 0.76368475 0.27307126
4 19.435648 24.766378 -1.8746748 1.9700534 2.127013 4.916602 0.9641792 0.3666245
4 25.681736 4.5492764 -1.7224631 2.177383 2.757835 5.6766562 0.71966696 0.30342495
4 19.548018 24.847 -1.7399011 2.0561283 2.2577212 5.246793 0.955995 0.5329805
4 18.550978 -12.908468 -2.3542302 1.9275584 1.804327 5.4945197 3.1303127 0.73958033
4 10.809006 -32.796947 -2.1152582 1.957552 1.8679918 4.933384 6.272196 0.42714602
4 25.249601 4.682463 -1.7426054 2.0218294 2.7148962 5.197328 0.8577396 0.33931023
4 18.608803 -12.8838415 -2.257914 1.9025621 1.7847161 5.4451423 3.1349494 0.8986718
