4 19.63807 -28.07584 -2.4351416 1.7661119 1.5905185 4.506793 6.214981 0.39207083
4 7.6112137 -17.911352 -2.0852902 1.9841311 2.031577 5.4835052 3.1232495 0.5092815
4 7.3535976 -17.876034 -2.1413193 1.9362586 1.79125 5.169544 3.1422768 0.3740439
4 20.549984 10.225193 -0.77006716 1.6530094 1.6838624 3.681223 1.3646988 0.2558039
4 19.3875 24.643768 -1.8097827 1.9076742 2.0931182 4.6851826 0.92921203 0.45983908
4 19.4534 24.636145 -1.6940454 1.9490246 2.1167972 4.8171997 0.89726245 0.6063011
4 25.373856 4.5459023 -1.7447209 2.0434654 2.5526662 5.092412 0.79712856 0.27686757
4 7.585349 -17.872387 -2.0764685 2.0134315 2.0867553 5.8427043 3.118856 0.6553338
4 7.6074247 -17.852026 -2.139888 1.953047 1.9144644 5.753875 3.132379 0.6049427
4 19.6213 -28.040869 -2.4335444 1.7743047 1.6195872 4.4086304 6.2197027 0.37782952
4 19.720966 -28.054535 -2.38325 1.8007215 1.682638 4.62611 6.2224216 0.7905549
