4 19.335209 24.719328 -1.8378489 1.9767606 2.2001803 4.7499003 0.96355075 0.41928306
4 21.539059 32.575623 -0.44631904 1.7338562 1.6808779 4.251524 2.0569608 0.3310841
4 19.39547 24.723255 -1.7718279 2.0102196 2.2495298 4.882164 0.9512553 0.4835844
4 25.137777 4.695799 -1.7435273 2.030693 2.607126 4.9683056 0.8963102 0.57160413
4 21.540197 32.545433 -0.49517962 1.6708708 1.5830396 4.185659 2.0664797 0.3940442
4 25.129248 4.571607 -1.7581233 1.9737452 2.5304432 4.775902 0.83869123 0.6475523
4 19.116554 24.742924 -1.9210794 1.9017501 2.1453364 4.448808 1.0234785 0.58914864
4 21.521141 32.668373 -0.47392696 1.7129352 1.74248 4.200916 2.060286 0.26560232
4 25.139404 4.6052938 -1.8119454 1.9820598 2.489966 4.8163314 0.84805036 0.77660966
4 15.564533 12.051111 -1.7049527 1.9104476 2.1617007 4.824233 2.7961197 0.39861417
