4 6.658515 -28.621206 -2.1174164 1.9816746 2.091979 5.4982595 6.17255 0.30802727
4 6.549762 -28.647139 -2.04176 2.072898 2.2149692 5.72706 6.19951 0.67415667
4 16.440128 -35.064026 -2.239995 1.609741 1.5312195 3.6151683 1.5384157 0.43899804
4 20.09974 24.027464 -1.9376545 1.8684844 2.0137568 4.4591937 0.9111575 0.3523022
4 20.095222 24.00417 -1.9192674 1.8595574 1.9612019 4.423023 0.89969724 0.3717513
4 16.41143 -35.151833 -2.2453756 1.6028389 1.496773 3.758185 4.650537 0.7685227
4 19.87578 24.06223 -1.8771522 1.8169048 1.9528517 4.243474 1.0279578 0.26178148
4 6.468418 -28.655241 -1.9192157 2.027932 2.24835 5.643194 6.1976542 0.5902993
4 16.389706 -34.98732 -2.2370386 1.5783949 1.4919138 3.7453153 1.4909861 0.3458967
4 6.7289734 -28.62563 -2.0805655 1.9813799 1.9439186 5.5240393 6.1714897 0.36662087
4 16.373335 -35.09251 -2.2569954 1.6438811 1.5155267 3.7533178 1.525308 0.47576767
4 16.419165 -35.232876 -2.245637 1.6333177 1.4890423 3.8482208 4.650655 0.38018274
