4 6.28255 -29.271452 -3.0686932 1.7316005 1.549751 4.394285 3.0161505 0.25653785
4 4.0824175 -2.5689988 -2.0307941 1.9675529 1.8958282 5.4494605 4.528545 0.2987862
4 4.082954 -2.4996877 -2.0282702 1.9358883 1.9114541 5.2915974 4.536089 0.43775335
4 19.968939 23.97496 -1.8793063 1.7944487 1.8794243 4.2473145 0.9498639 0.40662196
4 25.286846 3.8363743 -1.8082151 2.0454845 2.487675 5.0011287 0.8841664 0.366037
4 19.928047 23.941875 -1.8209188 1.80487 1.9054966 4.1487007 0.95053357 0.34385535
4 4.108028 -2.3672218 -2.0348318 1.9510163 1.902895 5.3341765 4.5169287 0.26433006
4 19.867146 24.062664 -1.899978 1.7890872 1.9493284 4.1933603 1.0106128 0.3064616
4 3.7429996 -4.7334766 -2.1110272 2.0256953 1.9284452 5.940641 4.5614047 0.4640533
4 25.34902 1.8060402 -1.746324 1.9532288 2.493215 4.763313 5.585416 0.26026595
4 4.0468326 -2.4389045 -2.0954123 1.9239693 1.8985194 5.1421742 4.5461063 0.306177
