4 18.04961 -34.995544 -2.237646 1.6202053 1.598737 3.2856262 4.6129484 0.3886693
4 18.064772 -35.055267 -2.2545776 1.6188254 1.59413 3.3515785 4.5960217 0.4014498
4 20.025099 23.923803 -1.8916606 1.810689 1.8998728 4.2335095 0.9145988 0.5793399
4 20.003796 23.867094 -1.8844455 1.7947261 1.8873136 4.127597 0.89101493 0.6279264
4 19.909088 23.952772 -1.8691005 1.7904654 1.9325655 4.102546 0.9746437 0.32331136
4 18.031683 -34.97785 -2.2282472 1.6130378 1.5684984 3.2501564 4.617461 0.2501606
4 20.158888 24.189312 -1.5557779 1.954632 2.2019267 4.917715 0.9459994 0.25946194
4 20.073019 23.794312 -1.912708 1.787092 1.8972919 4.1112633 0.8777291 0.597414
4 26.93972 15.287917 -2.3530385 1.6209091 1.4238265 3.7872047 3.2780676 0.32820287
4 18.022873 -35.171013 -2.2615023 1.6629882 1.5719875 3.692183 1.4497209 0.32712865
4 18.030674 -35.080975 -2.2603507 1.6649545 1.5294031 3.7050102 1.4722631 0.31518334
