4 4.6641912 -10.949461 -2.1711886 1.782954 1.6098404 4.272875 6.1843376 0.51919794
4 20.032423 23.841957 -2.0219345 1.8015856 1.9398488 4.0865917 0.8962614 0.33209622
4 4.2291 -1.4319854 -2.0010147 1.9823656 1.933712 5.347786 4.542094 0.2967857
4 20.104002 23.983442 -1.9304929 1.8324139 1.8795189 4.439231 0.9209194 0.40207958
4 4.2142296 -1.5274379 -2.0261445 1.971925 1.9519 5.303438 4.56789 0.25347078
4 4.308534 -1.0003623 -1.962355 1.990868 1.9627775 5.6221805 4.548883 0.34776714
4 4.591808 2.7179239 -2.214642 1.762003 1.6651567 4.236204 4.558401 0.6531789
4 3.6891093 -4.210755 -2.1546237 1.9037182 1.8119063 5.0881743 4.5237403 0.45365494
4 -0.5397341 -31.783085 -2.9302793 1.6941966 1.5278969 3.8532941 6.100559 0.3406003
4 4.2726293 -1.0809814 -2.0512047 1.9732193 1.8978689 5.555829 4.551092 0.48459125
