4 5.195136 -26.105087 -2.3763442 1.6630621 1.4502273 4.1718664 2.9835231 0.52409965
4 4.067851 -2.59754 -2.0323353 1.9285402 1.8690057 5.2732215 4.5230036 0.31944624
4 19.95674 24.06806 -1.9120457 1.8141617 1.8706387 4.3524375 0.95775604 0.45857882
4 19.793865 24.080137 -1.9009374 1.7916412 1.8862236 4.165055 1.0204253 0.366595
4 19.975302 24.079071 -1.8880267 1.8419158 1.8996929 4.396991 0.9392044 0.4199844
4 3.8885818 -4.1455684 -2.0591347 2.0274734 1.9411817 5.85855 4.5817027 0.264258
4 3.6884685 -4.9890404 -2.1313367 1.9983566 1.8908256 5.5248585 4.57564 0.6053336
4 4.082328 -2.5418727 -1.994483 1.9341629 1.8110352 5.316032 4.542547 0.3238486
4 3.6634207 -5.11316 -2.1494298 1.9540849 1.8538951 5.3344107 4.549852 0.5581983
4 3.792054 -4.551351 -2.1332068 2.027106 1.9630892 6.0103607 4.5691137 0.46900582
