4 30.382961 -20.726425 -2.4803977 1.921906 1.7397938 4.8196383 3.0684986 0.6311145
4 4.651287 -21.487541 -2.9965532 1.6462684 1.5304801 3.5321717 5.315344 0.26765937
4 4.4781475 -21.24359 -3.0387073 1.6286576 1.5076447 3.414166 5.3083525 0.36046743
4 20.051449 23.918295 -1.8828839 1.8008751 1.857441 4.1802416 0.88566256 0.34639233
4 20.061054 23.89235 -1.8426985 1.7822002 1.8186209 4.1744585 0.8778329 0.43575084
4 4.4143324 -21.10092 -3.0471373 1.6754016 1.5115026 3.7027595 5.3718443 0.30208114
4 4.625784 -21.36015 -3.0316358 1.6087854 1.4910288 3.3960483 5.31725 0.32138053
4 30.347517 -20.712612 -2.5499363 1.9194124 1.7308874 4.903207 3.0644052 0.44225362
4 4.6350727 -21.477707 -3.0857491 1.6672504 1.5262154 3.590979 5.255937 0.40582314
4 4.666163 -21.526745 -3.0342526 1.642322 1.5115216 3.4963176 5.2431345 0.36759946
4 30.424704 -20.700005 -2.4103906 1.8718976 1.6954774 4.7238836 3.0813484 0.5689753
