4 19.916742 24.059612 -1.9085484 1.8057966 1.8987106 4.28754 0.9739708 0.5455825
4 18.430466 -13.324206 -2.1887188 1.7710803 1.5731 4.086642 6.130351 0.6030723
4 19.978317 24.054312 -1.8732074 1.8237237 1.9223192 4.33501 0.926479 0.46025684
4 19.813446 24.050812 -1.9223559 1.7789426 1.8760674 4.1461287 1.0102563 0.4555591
4 25.41711 3.685622 -1.8572645 2.0509157 2.4747639 4.966757 0.79564804 0.35198885
4 4.908923 1.2841336 -2.144524 1.8122814 1.6275482 4.5806203 4.877432 0.30610037
4 4.4421005 1.2731537 -2.1899724 1.797571 1.694767 4.4283967 4.5846224 0.29905432
4 18.59924 -13.401108 -2.2141306 1.8179855 1.7465744 4.2174506 6.1120434 0.39214298
4 18.40747 -13.373835 -2.1855838 1.7510761 1.6466926 3.9195974 6.080213 0.47259519
4 18.358025 -13.372566 -2.2059295 1.7469316 1.5921752 3.88137 6.110881 0.5371382
4 4.0685635 -2.3465705 -2.0623274 1.9124839 1.8474638 5.2285814 4.555499 0.2877824
4 25.2712 3.7904038 -1.8087358 2.0307472 2.477084 4.8558097 0.8739375 0.344878
