4 19.970245 23.817413 -1.8982997 1.7559614 1.8716363 3.9023376 0.8883762 0.5085815
4 19.97592 23.87664 -1.8762679 1.7859249 1.8685803 4.055828 0.8855771 0.53190637
4 34.977295 -14.561545 -2.3164887 1.8060017 1.5940719 4.237788 6.1635876 0.45976293
4 19.9656 23.824783 -1.8987861 1.7651348 1.8563932 3.9462624 0.89948606 0.52606285
4 19.803757 23.632933 -1.8924407 1.6741066 1.7251247 3.54914 0.931003 0.37692258
4 19.909954 23.965462 -1.9138641 1.7804456 1.9178305 4.0960712 0.938313 0.42242917
4 25.494453 3.6445243 -1.8500828 2.0681043 2.511522 5.0421247 0.7505958 0.29210615
4 34.922607 -14.514914 -2.4167755 1.738139 1.5274642 4.216009 6.1599536 0.5310204
4 25.847664 3.542657 -1.8069856 2.1821995 2.6210613 5.5930204 0.67302436 0.25751412
4 34.721397 -14.503721 -2.470299 1.7103895 1.4780357 4.1441383 6.13132 0.44358504
