4 4.0997853 -2.5721135 -2.0017965 1.9691122 1.8879507 5.525762 4.5236435 0.29207125
4 4.096311 -2.448573 -2.0240219 1.9200375 1.8998704 5.2047005 4.537717 0.35383508
4 19.908031 23.978987 -1.900607 1.7767723 1.8671106 4.114987 0.9621037 0.37330854
4 19.833067 23.972082 -1.8652939 1.7635775 1.8827119 4.0539093 1.0052373 0.291337
4 3.7589643 -4.6644464 -2.135416 2.0308352 1.9225395 6.0095425 4.568297 0.5496706
4 3.6391249 -5.1921053 -2.1470766 1.9402034 1.8403563 5.205387 4.530016 0.5371789
4 5.1557593 1.7233686 -2.1207123 1.7416074 1.5668997 4.235462 5.0486917 0.36835355
4 19.947514 24.013662 -1.8898475 1.8069534 1.8792127 4.248838 0.96239614 0.34184968
4 4.045026 -2.335902 -2.0859385 1.9171472 1.8753295 5.2320585 4.5645466 0.35413086
4 3.8078642 -4.5620513 -2.1350079 2.052968 2.0117779 6.105237 4.592854 0.31909123
4 3.8227816 -4.571578 -2.0987024 2.083561 1.9170488 6.015098 1.4349445 0.28154102
4 19.7786 23.981663 -2.0475843 1.7605431 1.8405523 3.997663 1.0138452 0.258088
