4 19.936888 23.990482 -1.9447026 1.8039203 1.8720154 4.213045 0.9578411 0.58863133
4 5.0677567 1.5481467 -2.1574705 1.7641008 1.6407578 4.245884 5.0123935 0.40231463
4 4.0836906 -2.5618405 -2.023758 1.961251 1.894587 5.521707 4.5329 0.2639101
4 4.1006284 -2.4661117 -2.0212336 1.904016 1.8825567 5.1451726 4.5347557 0.33109877
4 19.936478 23.929451 -1.9081166 1.7964848 1.8446665 4.115486 0.94384897 0.56367975
4 19.851162 23.978773 -1.9536769 1.7872356 1.883705 4.144822 0.9928252 0.4971767
4 4.408466 1.3120655 -2.1932273 1.7801859 1.686416 4.2766004 4.5664988 0.2689654
4 4.1366053 -2.313605 -2.028446 1.9763956 1.910567 5.4292483 4.5384274 0.25942463
4 3.6814604 -4.936889 -2.1491745 1.9883655 1.8980081 5.6620903 4.571127 0.5525611
4 4.095005 -2.3002453 -2.0368128 1.9155033 1.8149939 5.2113543 1.3899722 0.26416612
4 3.6074913 -5.3069773 -2.1514926 1.9210958 1.8273828 5.099207 4.5337234 0.6484222
4 3.8830621 -4.2076583 -2.0720556 2.0283945 1.9664577 5.9686403 4.5846786 0.3603596
