4 6.627033 -32.574257 -2.04103 1.852597 1.7159342 4.7578554 6.2831717 0.41760546
4 19.988344 24.0074 -1.9363775 1.8174093 1.9485288 4.3141246 0.96132684 0.48196343
4 19.988144 23.963049 -1.9044011 1.8254799 1.9248028 4.19283 0.9433622 0.49766186
4 3.3753223 -32.13455 -2.3258662 1.925117 1.8672373 4.9243803 6.117649 0.68405205
4 6.639225 -32.567554 -2.0425 1.8716006 1.7071842 4.831382 6.2973614 0.32273766
4 19.868366 23.98328 -1.8694047 1.7738178 1.8582268 4.086944 1.006213 0.40701094
4 6.4929137 -32.630474 -1.9751185 1.8032477 1.6440647 4.762546 3.1280801 0.2759162
4 3.397276 -32.189354 -2.2541847 1.9019015 1.8054404 4.791801 6.094299 0.54538536
4 25.300667 3.979861 -1.8097776 2.1032884 2.601826 5.213939 0.91820085 0.26224
4 3.386831 -32.143524 -2.3175583 1.8807029 1.8550735 4.871298 6.095941 0.55573946
