4 19.925705 23.950985 -1.9058573 1.7680616 1.838489 4.0964255 0.9588679 0.42058837
4 19.918964 24.034492 -1.7469858 1.8147496 1.8940923 4.2633886 0.99066305 0.28004453
4 19.975994 23.984762 -1.8948464 1.8054664 1.8498905 4.231741 0.95063853 0.4494911
4 19.843315 24.00727 -1.9171448 1.7728771 1.8969387 4.069863 1.0067809 0.34530804
4 30.31741 -20.753468 -2.6380007 1.8685917 1.6471469 4.6942625 3.0455165 0.27795026
4 25.22813 3.9083195 -1.8116708 2.0334957 2.4848514 4.99697 0.9163884 0.407635
4 30.387909 -20.734604 -2.4010859 1.818424 1.6090302 4.602524 6.1748323 0.2810789
4 19.816185 23.72495 -1.8820184 1.6746223 1.726865 3.7573767 0.9344422 0.3676656
4 19.813017 23.974964 -1.9578924 1.7650503 1.9161129 4.01337 1.0159686 0.29420954
4 21.615383 30.806686 -0.5828276 1.6977509 1.492926 4.1490264 3.9537296 0.30740455
4 19.92257 23.84689 -1.9081216 1.755647 1.7942804 3.984198 0.92410564 0.48652142
